No;Zeit;Intervall(mi);innen Luftfeuchtigkeit(%);innen Temperatur(°C);außen Luftfeuchtigkeit(%);außen Temperatur(°C);absolut Luftdruck(Hpa);Wind(km/h);Windbö"(km/h);Richtung;relative Luftdruck(Hpa);Taupunkt(°C);Windauskühlung(°C);Stunde Niederschlag(mm);24 Stunde Niederschlag(mm);Woche Niederschlag(mm);Monat Niederschlag(mm);Total Niederschlag(mm);Wind Level(bft);Windbö Level(bft)
1;25-08-2021 15:02;30;57;22.5;45;25.2;987.8;0.0;1.1;SE;1012.8;12.5;25.2;0.0;0.0;0.0;0.0;677.1;0;1
2;25-08-2021 15:32;30;57;22.2;43;25.1;987.4;0.0;5.0;W;1012.4;11.7;25.1;0.0;0.0;0.0;0.0;677.1;0;1
3;25-08-2021 16:02;30;56;22.2;41;26.1;987.1;3.6;9.7;NE;1012.1;11.9;26.1;0.0;0.0;0.0;0.0;677.1;1;2
4;25-08-2021 16:32;30;56;22.3;40;25.5;986.7;3.6;7.2;SE;1011.7;10.9;25.5;0.0;0.0;0.0;0.0;677.1;1;2
5;25-08-2021 17:02;30;56;22.4;42;25.1;986.1;1.1;5.0;SW;1011.1;11.3;25.1;0.0;0.0;0.0;0.0;677.1;1;1
6;25-08-2021 17:32;30;56;22.6;41;25.7;985.8;7.2;11.2;SE;1010.8;11.5;25.3;0.0;0.0;0.0;0.0;677.1;2;2
7;25-08-2021 18:02;30;57;22.7;41;25.8;985.6;6.1;11.2;SW;1010.6;11.6;25.8;0.0;0.0;0.0;0.0;677.1;2;2
8;25-08-2021 18:32;30;56;22.8;42;25.1;985.3;3.6;7.2;E;1010.3;11.3;25.1;0.0;0.0;0.0;0.0;677.1;1;2
9;25-08-2021 19:02;30;55;22.8;43;23.6;985.1;1.1;5.0;SE;1010.1;10.3;23.6;0.0;0.0;0.0;0.0;677.1;1;1
10;25-08-2021 19:32;30;55;22.6;50;21.7;984.6;2.5;6.1;NE;1009.6;10.9;21.7;0.0;0.0;0.0;0.0;677.1;1;2
11;25-08-2021 20:02;30;56;22.3;53;20.8;984.6;3.6;8.6;S;1009.6;10.9;20.8;0.0;0.0;0.0;0.0;677.1;1;2
12;25-08-2021 20:32;30;56;22.2;53;20.5;984.5;1.1;3.6;NE;1009.5;10.6;20.5;0.0;0.0;0.0;0.0;677.1;1;1
13;25-08-2021 21:02;30;56;22.1;59;19.1;984.5;2.5;6.1;SE;1009.5;10.9;19.1;0.0;0.0;0.0;0.0;677.1;1;2
14;25-08-2021 21:32;30;57;22.1;60;18.5;984.4;1.1;3.6;S;1009.4;10.6;18.5;0.0;0.0;0.0;0.0;677.1;1;1
15;25-08-2021 22:02;30;57;22.1;62;17.8;983.9;1.1;3.6;SE;1008.9;10.4;17.8;0.0;0.0;0.0;0.0;677.1;1;1
16;25-08-2021 22:32;30;58;22.1;64;17.1;984.1;1.1;2.5;SE;1009.1;10.3;17.1;0.0;0.0;0.0;0.0;677.1;1;1
17;25-08-2021 23:02;30;58;22.1;66;16.0;983.8;0.0;1.1;SE;1008.8;9.7;16.0;0.0;0.0;0.0;0.0;677.1;0;1
18;25-08-2021 23:32;30;59;22.0;71;14.9;983.8;0.0;2.5;S;1008.8;9.7;14.9;0.0;0.0;0.0;0.0;677.1;0;1
19;26-08-2021 00:02;30;59;22.1;69;15.4;983.7;0.0;1.1;E;1008.7;9.8;15.4;0.0;0.0;0.0;0.0;677.1;0;1
20;26-08-2021 00:32;30;59;22.0;72;14.2;983.1;0.0;0.0;E;1008.1;9.2;14.2;0.0;0.0;0.0;0.0;677.1;0;0
21;26-08-2021 01:02;30;59;22.0;78;13.4;982.9;0.0;2.5;E;1007.9;9.7;13.4;0.0;0.0;0.0;0.0;677.1;0;1
22;26-08-2021 01:32;30;59;22.0;76;14.5;982.6;1.1;3.6;E;1007.6;10.3;14.5;0.0;0.0;0.0;0.0;677.1;1;1
23;26-08-2021 02:02;30;59;22.0;78;15.0;982.5;1.1;3.6;E;1007.5;11.2;15.0;0.0;0.0;0.0;0.0;677.1;1;1
24;26-08-2021 02:32;30;59;21.9;77;15.2;982.0;0.0;2.5;SE;1007.0;11.2;15.2;0.0;0.0;0.0;0.0;677.1;0;1
25;26-08-2021 03:02;30;59;21.8;77;15.4;981.8;5.0;11.2;SE;1006.8;11.4;15.4;0.0;0.0;0.0;0.0;677.1;1;2
26;26-08-2021 03:32;30;59;21.8;76;15.4;981.5;6.1;11.2;SE;1006.5;11.2;15.4;0.0;0.0;0.0;0.0;677.1;2;2
27;26-08-2021 04:02;30;59;21.7;78;15.3;981.2;7.2;12.2;E;1006.2;11.5;14.4;0.0;0.0;0.0;0.0;677.1;2;3
28;26-08-2021 04:32;30;60;21.7;81;15.1;981.1;2.5;5.0;SE;1006.1;11.9;15.1;0.0;0.0;0.0;0.0;677.1;1;1
29;26-08-2021 05:02;30;60;21.6;83;14.9;981.0;5.0;7.2;SE;1006.0;12.1;14.9;0.0;0.0;0.0;0.0;677.1;1;2
30;26-08-2021 05:32;30;59;21.4;85;14.7;980.7;2.5;5.0;SE;1005.7;12.2;14.7;0.0;0.0;0.0;0.0;677.1;1;1
31;26-08-2021 06:02;30;59;21.4;86;14.6;980.6;2.5;5.0;E;1005.6;12.3;14.6;0.0;0.0;0.0;0.0;677.1;1;1
32;26-08-2021 06:32;30;59;21.4;87;14.5;980.5;1.1;5.0;SE;1005.5;12.4;14.5;0.0;0.0;0.0;0.0;677.1;1;1
33;26-08-2021 07:02;30;59;21.4;88;14.4;980.4;0.0;3.6;SE;1005.4;12.5;14.4;0.0;0.0;0.0;0.0;677.1;0;1
34;26-08-2021 07:32;30;59;21.4;89;14.0;980.0;1.1;2.5;NE;1005.0;12.2;14.0;0.0;0.0;0.0;0.0;677.1;1;1
35;26-08-2021 08:02;30;59;21.4;90;14.1;980.6;0.0;3.6;SE;1005.6;12.5;14.1;0.0;0.0;0.0;0.0;677.1;0;1
36;26-08-2021 08:32;30;58;21.1;75;14.6;980.9;3.6;6.1;SE;1005.9;10.2;14.6;0.0;0.0;0.0;0.0;677.1;1;2
37;26-08-2021 09:02;30;56;21.0;61;17.0;980.9;7.2;13.3;SE;1005.9;9.4;16.2;0.0;0.0;0.0;0.0;677.1;2;3
38;26-08-2021 09:32;30;56;21.0;66;16.0;981.1;1.1;3.6;S;1006.1;9.7;16.0;0.0;0.0;0.0;0.0;677.1;1;1
39;26-08-2021 10:02;30;57;21.1;60;18.6;981.1;2.5;7.2;SE;1006.1;10.7;18.6;0.0;0.0;0.0;0.0;677.1;1;2
40;26-08-2021 10:32;30;57;21.2;61;16.9;981.1;2.5;6.1;E;1006.1;9.4;16.9;0.0;0.0;0.0;0.0;677.1;1;2
41;26-08-2021 11:02;30;58;21.3;62;17.6;980.9;5.0;9.7;E;1005.9;10.3;17.6;0.0;0.0;0.0;0.0;677.1;1;2
42;26-08-2021 11:32;30;59;21.4;64;16.8;980.8;7.2;13.3;S;1005.8;10.0;16.0;0.0;0.0;0.0;0.0;677.1;2;3
43;26-08-2021 12:02;30;58;21.4;67;16.8;980.9;5.0;7.2;S;1005.9;10.7;16.8;0.0;0.0;0.0;0.0;677.1;1;2
44;26-08-2021 12:32;30;58;21.4;69;16.6;981.1;2.5;6.1;NE;1006.1;10.9;16.6;0.0;0.0;0.0;0.0;677.1;1;2
45;26-08-2021 13:02;30;58;21.5;61;18.1;980.9;9.7;18.4;SE;1005.9;10.5;16.4;0.0;0.0;0.0;0.0;677.1;2;3
46;26-08-2021 13:32;30;59;21.5;65;18.1;980.9;5.0;9.7;SE;1005.9;11.4;18.1;0.0;0.0;0.0;0.0;677.1;1;2
47;26-08-2021 14:02;30;59;21.6;59;18.9;980.9;2.5;8.6;E;1005.9;10.7;18.9;0.0;0.0;0.0;0.0;677.1;1;2
48;26-08-2021 14:32;30;58;21.6;61;18.5;980.7;3.6;6.1;SE;1005.7;10.9;18.5;0.0;0.0;0.0;0.0;677.1;1;2
49;26-08-2021 15:02;30;58;21.6;58;19.5;980.6;2.5;5.0;E;1005.6;11.0;19.5;0.0;0.0;0.0;0.0;677.1;1;1
50;26-08-2021 15:32;30;58;21.7;59;20.6;980.5;6.1;9.7;NEE;1005.5;12.3;20.6;0.0;0.0;0.0;0.0;677.1;2;2
51;26-08-2021 16:02;30;57;21.9;54;19.8;980.1;12.2;23.4;S;1005.1;10.2;17.6;0.0;0.0;0.0;0.0;677.1;3;4
52;26-08-2021 16:32;30;57;22.0;51;21.6;980.0;8.6;17.3;SE;1005.0;11.1;20.6;0.0;0.0;0.0;0.0;677.1;2;3
53;26-08-2021 17:02;30;56;22.3;50;21.8;979.9;11.2;20.9;NEE;1004.9;10.9;20.2;0.0;0.0;0.0;0.0;677.1;2;4
54;26-08-2021 17:32;30;56;22.4;51;21.3;979.9;7.2;17.3;S;1004.9;10.8;20.7;0.0;0.0;0.0;0.0;677.1;2;3
55;26-08-2021 18:02;30;55;22.3;54;21.0;979.8;7.2;13.3;E;1004.8;11.4;20.4;0.0;0.0;0.0;0.0;677.1;2;3
56;26-08-2021 18:32;30;56;22.2;60;19.1;979.8;11.2;18.4;SE;1004.8;11.2;17.1;0.0;0.0;0.0;0.0;677.1;2;3
57;26-08-2021 19:02;30;56;21.9;60;18.4;980.0;3.6;8.6;SE;1005.0;10.5;18.4;0.0;0.0;0.0;0.0;677.1;1;2
58;26-08-2021 19:32;30;56;21.9;63;17.8;980.1;6.1;13.3;SE;1005.1;10.7;17.8;0.0;0.0;0.0;0.0;677.1;2;3
59;26-08-2021 20:02;30;56;21.9;66;17.3;980.5;3.6;7.2;E;1005.5;10.9;17.3;0.0;0.0;0.0;0.0;677.1;1;2
60;26-08-2021 20:32;30;56;21.7;76;15.4;981.0;1.1;6.1;SW;1006.0;11.2;15.4;0.0;0.0;0.0;0.0;677.1;1;2
61;26-08-2021 21:02;30;57;21.7;81;14.5;981.1;0.0;1.1;W;1006.1;11.3;14.5;0.0;0.0;0.0;0.0;677.1;0;1
62;26-08-2021 21:32;30;57;21.7;84;14.4;981.2;0.0;1.1;SSW;1006.2;11.7;14.4;0.0;0.0;0.0;0.0;677.1;0;1
63;26-08-2021 22:02;30;57;21.7;87;14.0;981.5;1.1;3.6;S;1006.5;11.9;14.0;0.6;0.6;0.6;0.6;677.7;1;1
64;26-08-2021 22:32;30;58;21.7;88;13.3;981.6;1.1;2.5;S;1006.6;11.4;13.3;1.2;1.2;1.2;1.2;678.3;1;1
65;26-08-2021 23:02;30;58;21.7;89;13.1;981.6;0.0;2.5;S;1006.6;11.3;13.1;0.6;1.2;1.2;1.2;678.3;0;1
66;26-08-2021 23:32;30;58;21.7;89;12.8;981.8;0.0;0.0;S;1006.8;11.0;12.8;0.0;1.2;1.2;1.2;678.3;0;0
67;27-08-2021 00:02;30;59;21.7;89;12.6;981.9;0.0;0.0;E;1006.9;10.9;12.6;0.0;1.2;1.2;1.2;678.3;0;0
68;27-08-2021 00:32;30;59;21.7;90;11.9;982.1;0.0;0.0;E;1007.1;10.3;11.9;0.0;1.2;1.2;1.2;678.3;0;0
69;27-08-2021 01:02;30;59;21.6;90;11.3;982.3;0.0;0.0;W;1007.3;9.7;11.3;0.0;1.2;1.2;1.2;678.3;0;0
70;27-08-2021 01:32;30;59;21.6;91;10.7;982.5;0.0;0.0;W;1007.5;9.3;10.7;0.0;1.2;1.2;1.2;678.3;0;0
71;27-08-2021 02:02;30;59;21.6;91;10.2;982.4;0.0;0.0;W;1007.4;8.8;10.2;0.0;1.2;1.2;1.2;678.3;0;0
72;27-08-2021 02:32;30;59;21.5;92;10.1;982.3;0.0;0.0;W;1007.3;8.9;10.1;0.0;1.2;1.2;1.2;678.3;0;0
73;27-08-2021 03:02;30;59;21.4;92;10.1;982.3;0.0;0.0;W;1007.3;8.9;10.1;0.0;1.2;1.2;1.2;678.3;0;0
74;27-08-2021 03:32;30;59;21.4;93;10.1;982.2;0.0;0.0;W;1007.2;9.0;10.1;0.0;1.2;1.2;1.2;678.3;0;0
75;27-08-2021 04:02;30;53;20.9;93;9.7;982.2;0.0;0.0;W;1007.2;8.6;9.7;0.0;1.2;1.2;1.2;678.3;0;0
76;27-08-2021 04:32;30;55;20.9;93;9.3;982.3;0.0;0.0;W;1007.3;8.2;9.3;0.0;1.2;1.2;1.2;678.3;0;0
77;27-08-2021 05:02;30;56;20.9;94;9.5;982.4;0.0;2.5;W;1007.4;8.6;9.5;0.0;1.2;1.2;1.2;678.3;0;1
78;27-08-2021 05:32;30;56;20.9;94;9.7;982.3;0.0;0.0;W;1007.3;8.8;9.7;0.0;1.2;1.2;1.2;678.3;0;0
79;27-08-2021 06:02;30;56;20.9;94;9.8;982.4;0.0;1.1;W;1007.4;8.9;9.8;0.0;1.2;1.2;1.2;678.3;0;1
80;27-08-2021 06:32;30;56;20.9;94;9.6;982.5;0.0;0.0;W;1007.5;8.7;9.6;0.0;1.2;1.2;1.2;678.3;0;0
81;27-08-2021 07:02;30;56;20.8;95;9.8;982.5;0.0;0.0;W;1007.5;9.0;9.8;0.0;1.2;1.2;1.2;678.3;0;0
82;27-08-2021 07:32;30;55;20.8;95;10.1;982.6;0.0;1.1;NE;1007.6;9.3;10.1;0.0;1.2;1.2;1.2;678.3;0;1
83;27-08-2021 08:02;30;54;20.6;95;10.5;982.9;0.0;1.1;W;1007.9;9.7;10.5;0.0;1.2;1.2;1.2;678.3;0;1
84;27-08-2021 08:32;30;55;20.5;96;11.1;983.0;0.0;0.0;W;1008.0;10.5;11.1;0.0;1.2;1.2;1.2;678.3;0;0
85;27-08-2021 09:02;30;55;20.6;96;11.9;983.0;0.0;1.1;S;1008.0;11.3;11.9;0.0;1.2;1.2;1.2;678.3;0;1
86;27-08-2021 09:32;30;56;20.6;96;12.9;983.1;0.0;2.5;SW;1008.1;12.3;12.9;0.0;1.2;1.2;1.2;678.3;0;1
87;27-08-2021 10:02;30;56;20.7;95;13.2;983.2;3.6;7.2;SE;1008.2;12.4;13.2;0.0;1.2;1.2;1.2;678.3;1;2
88;27-08-2021 10:32;30;56;20.7;89;14.7;983.2;2.5;5.0;NE;1008.2;12.9;14.7;0.0;1.2;1.2;1.2;678.3;1;1
89;27-08-2021 11:02;30;56;20.7;84;14.5;983.2;3.6;17.3;SE;1008.2;11.8;14.5;0.0;1.2;1.2;1.2;678.3;1;3
90;27-08-2021 11:32;30;56;20.6;78;15.4;983.0;3.6;8.6;E;1008.0;11.6;15.4;0.0;1.2;1.2;1.2;678.3;1;2
91;27-08-2021 12:02;30;56;20.6;81;14.6;983.4;5.0;9.7;SE;1008.4;11.4;14.6;0.3;1.5;1.5;1.5;678.6;1;2
92;27-08-2021 12:32;30;56;20.6;77;15.9;983.1;3.6;8.6;E;1008.1;11.9;15.9;0.3;1.5;1.5;1.5;678.6;1;2
93;27-08-2021 13:02;30;56;20.6;72;16.5;983.1;12.2;24.5;SE;1008.1;11.5;13.8;0.0;1.5;1.5;1.5;678.6;3;4
94;27-08-2021 13:32;30;56;20.6;69;17.9;982.8;5.0;8.6;SE;1007.8;12.2;17.9;0.0;1.5;1.5;1.5;678.6;1;2
95;27-08-2021 14:02;30;56;20.7;72;16.3;982.9;5.0;11.2;SE;1007.9;11.3;16.3;0.0;1.5;1.5;1.5;678.6;1;2
96;27-08-2021 14:32;30;56;20.7;72;17.4;983.0;3.6;11.2;SE;1008.0;12.3;17.4;0.0;1.5;1.5;1.5;678.6;1;2
97;27-08-2021 15:02;30;57;20.8;68;18.2;982.7;3.6;7.2;SE;1007.7;12.2;18.2;0.0;1.5;1.5;1.5;678.6;1;2
98;27-08-2021 15:32;30;57;20.9;65;19.1;982.3;5.0;11.2;E;1007.3;12.4;19.1;0.0;1.5;1.5;1.5;678.6;1;2
99;27-08-2021 16:02;30;57;20.9;70;17.9;982.3;6.1;11.2;SEE;1007.3;12.4;17.9;0.0;1.5;1.5;1.5;678.6;2;2
100;27-08-2021 16:32;30;57;20.9;74;16.9;982.3;6.1;12.2;E;1007.3;12.3;16.9;0.0;1.5;1.5;1.5;678.6;2;3
101;27-08-2021 17:02;30;57;20.8;81;16.7;982.4;2.5;7.2;E;1007.4;13.4;16.7;0.3;1.8;1.8;1.8;678.9;1;2
102;27-08-2021 17:32;30;57;20.9;80;16.6;982.4;7.2;17.3;SE;1007.4;13.2;15.8;0.3;1.8;1.8;1.8;678.9;2;3
103;27-08-2021 18:02;30;58;20.8;85;15.5;982.7;3.6;7.2;E;1007.7;13.0;15.5;0.3;2.1;2.1;2.1;679.2;1;2
104;27-08-2021 18:32;30;58;20.8;89;15.2;982.6;0.0;2.5;E;1007.6;13.4;15.2;0.6;2.4;2.4;2.4;679.5;0;1
105;27-08-2021 19:02;30;58;20.8;91;15.3;982.8;0.0;2.5;SW;1007.8;13.9;15.3;0.9;3.0;3.0;3.0;680.1;0;1
106;27-08-2021 19:32;30;59;20.8;91;15.3;982.7;2.5;7.2;S;1007.7;13.9;15.3;0.6;3.0;3.0;3.0;680.1;1;2
107;27-08-2021 20:02;30;60;21.1;90;14.6;982.7;1.1;3.6;E;1007.7;13.0;14.6;0.0;3.0;3.0;3.0;680.1;1;1
108;27-08-2021 20:32;30;61;21.2;91;14.1;983.0;0.0;1.1;SE;1008.0;12.7;14.1;0.0;3.0;3.0;3.0;680.1;0;1
109;27-08-2021 21:02;30;61;21.2;93;14.0;983.2;2.5;6.1;SE;1008.2;12.9;14.0;0.0;3.0;3.0;3.0;680.1;1;2
110;27-08-2021 21:32;30;61;21.1;93;13.7;983.5;1.1;3.6;SE;1008.5;12.6;13.7;0.0;3.0;3.0;3.0;680.1;1;1
111;27-08-2021 22:02;30;61;21.1;93;13.5;983.8;0.0;1.1;E;1008.8;12.4;13.5;0.0;2.4;3.0;3.0;680.1;0;1
112;27-08-2021 22:32;30;62;21.1;92;13.2;983.9;0.0;0.0;E;1008.9;11.9;13.2;0.0;1.8;3.0;3.0;680.1;0;0
113;27-08-2021 23:02;30;62;21.2;93;13.1;984.1;0.0;0.0;E;1009.1;12.0;13.1;0.0;1.8;3.0;3.0;680.1;0;0
114;27-08-2021 23:32;30;62;21.2;93;13.0;984.2;0.0;0.0;E;1009.2;11.9;13.0;0.0;1.8;3.0;3.0;680.1;0;0
115;28-08-2021 00:02;30;62;21.1;94;13.1;984.4;0.0;1.1;E;1009.4;12.2;13.1;0.9;2.7;3.9;3.9;681.0;0;1
116;28-08-2021 00:32;30;62;21.1;94;12.9;984.0;0.0;0.0;E;1009.0;12.0;12.9;1.2;3.0;4.2;4.2;681.3;0;0
117;28-08-2021 01:02;30;62;21.1;94;12.9;984.1;0.0;0.0;E;1009.1;12.0;12.9;0.3;3.0;4.2;4.2;681.3;0;0
118;28-08-2021 01:32;30;61;21.1;95;12.7;984.2;0.0;0.0;E;1009.2;11.9;12.7;0.0;3.0;4.2;4.2;681.3;0;0
119;28-08-2021 02:02;30;61;21.0;95;12.5;984.2;0.0;0.0;E;1009.2;11.7;12.5;0.0;3.0;4.2;4.2;681.3;0;0
120;28-08-2021 02:32;30;61;21.0;95;12.3;984.3;0.0;0.0;E;1009.3;11.5;12.3;0.0;3.0;4.2;4.2;681.3;0;0
121;28-08-2021 03:02;30;61;20.9;95;12.0;984.2;0.0;0.0;E;1009.2;11.2;12.0;0.0;3.0;4.2;4.2;681.3;0;0
122;28-08-2021 03:32;30;60;20.9;95;11.4;984.1;0.0;0.0;E;1009.1;10.6;11.4;0.0;3.0;4.2;4.2;681.3;0;0
123;28-08-2021 04:02;30;60;20.8;96;11.1;984.1;0.0;0.0;E;1009.1;10.5;11.1;0.0;3.0;4.2;4.2;681.3;0;0
124;28-08-2021 04:32;30;60;20.8;95;10.6;984.3;0.0;0.0;E;1009.3;9.8;10.6;0.0;3.0;4.2;4.2;681.3;0;0
125;28-08-2021 05:02;30;60;20.7;96;10.6;984.3;0.0;1.1;E;1009.3;10.0;10.6;0.0;3.0;4.2;4.2;681.3;0;1
126;28-08-2021 05:32;30;60;20.7;96;10.6;984.4;0.0;0.0;E;1009.4;10.0;10.6;0.0;3.0;4.2;4.2;681.3;0;0
127;28-08-2021 06:02;30;59;20.6;96;10.4;984.4;0.0;0.0;E;1009.4;9.8;10.4;0.0;3.0;4.2;4.2;681.3;0;0
128;28-08-2021 06:32;30;60;20.6;96;10.4;984.5;0.0;0.0;E;1009.5;9.8;10.4;0.0;3.0;4.2;4.2;681.3;0;0
129;28-08-2021 07:02;30;59;20.6;96;10.3;984.3;0.0;0.0;E;1009.3;9.7;10.3;0.0;3.0;4.2;4.2;681.3;0;0
130;28-08-2021 07:32;30;59;20.5;96;10.4;984.5;0.0;0.0;NW;1009.5;9.8;10.4;0.0;3.0;4.2;4.2;681.3;0;0
131;28-08-2021 08:02;30;57;20.2;96;10.7;984.9;0.0;0.0;NW;1009.9;10.1;10.7;0.0;3.0;4.2;4.2;681.3;0;0
132;28-08-2021 08:32;30;58;20.2;96;11.0;984.9;0.0;0.0;NW;1009.9;10.4;11.0;0.3;3.3;4.5;4.5;681.6;0;0
133;28-08-2021 09:02;30;58;20.3;96;11.5;984.7;0.0;0.0;NW;1009.7;10.9;11.5;0.6;3.6;4.8;4.8;681.9;0;0
134;28-08-2021 09:32;30;58;20.3;97;12.1;984.8;0.0;1.1;NW;1009.8;11.7;12.1;0.3;3.6;4.8;4.8;681.9;0;1
135;28-08-2021 10:02;30;59;20.4;97;13.0;984.4;0.0;1.1;E;1009.4;12.6;13.0;0.3;3.9;5.1;5.1;682.2;0;1
136;28-08-2021 10:32;30;59;20.6;97;13.8;984.6;0.0;0.0;E;1009.6;13.3;13.8;0.3;3.9;5.1;5.1;682.2;0;0
137;28-08-2021 11:02;30;59;20.6;96;14.4;984.8;0.0;1.1;NE;1009.8;13.8;14.4;0.0;3.9;5.1;5.1;682.2;0;1
138;28-08-2021 11:32;30;59;20.6;95;14.5;984.8;0.0;1.1;SE;1009.8;13.7;14.5;0.0;3.9;5.1;5.1;682.2;0;1
139;28-08-2021 12:02;30;59;20.6;94;15.0;984.7;0.0;2.5;E;1009.7;14.1;15.0;0.0;3.6;5.1;5.1;682.2;0;1
140;28-08-2021 12:32;30;59;20.5;87;15.7;985.0;0.0;1.1;SE;1010.0;13.6;15.7;0.0;3.6;5.1;5.1;682.2;0;1
141;28-08-2021 13:02;30;59;20.5;86;15.6;985.1;0.0;2.5;E;1010.1;13.3;15.6;0.0;3.6;5.1;5.1;682.2;0;1
142;28-08-2021 13:32;30;59;20.6;81;16.7;985.0;1.1;5.0;SE;1010.0;13.4;16.7;0.0;3.6;5.1;5.1;682.2;1;1
143;28-08-2021 14:02;30;59;20.6;73;17.7;985.0;2.5;5.0;SE;1010.0;12.8;17.7;0.0;3.6;5.1;5.1;682.2;1;1
144;28-08-2021 14:32;30;59;20.7;74;16.4;985.1;3.6;7.2;S;1010.1;11.8;16.4;0.0;3.6;5.1;5.1;682.2;1;2
145;28-08-2021 15:02;30;60;20.9;75;16.2;985.1;2.5;6.1;SE;1010.1;11.8;16.2;0.0;3.6;5.1;5.1;682.2;1;2
146;28-08-2021 15:32;30;59;20.9;76;16.4;985.4;1.1;5.0;SE;1010.4;12.2;16.4;0.0;3.6;5.1;5.1;682.2;1;1
147;28-08-2021 16:02;30;60;20.9;73;17.0;985.4;1.1;2.5;E;1010.4;12.1;17.0;0.0;3.6;5.1;5.1;682.2;1;1
148;28-08-2021 16:32;30;59;21.4;62;21.1;984.9;2.5;5.0;S;1009.9;13.6;21.1;0.0;3.6;5.1;5.1;682.2;1;1
149;28-08-2021 17:02;30;59;21.9;58;22.7;984.9;2.5;5.0;E;1009.9;14.0;22.7;0.0;3.3;5.1;5.1;682.2;1;1
150;28-08-2021 17:32;30;59;21.8;65;19.3;984.8;1.1;5.0;N;1009.8;12.6;19.3;0.0;3.3;5.1;5.1;682.2;1;1
151;28-08-2021 18:02;30;59;21.6;70;18.0;984.9;2.5;7.2;SSE;1009.9;12.5;18.0;0.0;3.0;5.1;5.1;682.2;1;2
152;28-08-2021 18:32;30;59;21.5;71;18.4;984.9;0.0;2.5;SE;1009.9;13.1;18.4;0.0;2.7;5.1;5.1;682.2;0;1
153;28-08-2021 19:02;30;59;21.4;73;17.7;984.8;1.1;3.6;W;1009.8;12.8;17.7;0.0;2.1;5.1;5.1;682.2;1;1
154;28-08-2021 19:32;30;59;21.4;74;17.8;984.7;0.0;2.5;NE;1009.7;13.1;17.8;0.0;2.1;5.1;5.1;682.2;0;1
155;28-08-2021 20:02;30;60;21.3;76;17.1;984.8;0.0;2.5;E;1009.8;12.9;17.1;0.0;2.1;5.1;5.1;682.2;0;1
156;28-08-2021 20:32;30;60;21.2;78;16.4;985.0;0.0;0.0;SE;1010.0;12.6;16.4;0.0;2.1;5.1;5.1;682.2;0;0
157;28-08-2021 21:02;30;60;21.3;82;15.4;985.1;0.0;0.0;SE;1010.1;12.4;15.4;0.0;2.1;5.1;5.1;682.2;0;0
158;28-08-2021 21:32;30;60;21.2;86;15.0;985.3;0.0;0.0;SE;1010.3;12.7;15.0;0.0;2.1;5.1;5.1;682.2;0;0
159;28-08-2021 22:02;30;60;21.2;87;14.9;985.5;0.0;0.0;SE;1010.5;12.8;14.9;0.0;2.1;5.1;5.1;682.2;0;0
160;28-08-2021 22:32;30;60;21.2;89;14.8;985.6;2.5;3.6;SE;1010.6;13.0;14.8;0.0;2.1;5.1;5.1;682.2;1;1
161;28-08-2021 23:02;30;61;21.1;89;14.6;985.5;0.0;1.1;SE;1010.5;12.8;14.6;0.6;2.7;5.7;5.7;682.8;0;1
162;28-08-2021 23:32;30;61;21.1;91;14.3;985.5;0.0;0.0;SE;1010.5;12.9;14.3;1.2;3.3;6.3;6.3;683.4;0;0
163;29-08-2021 00:02;30;61;21.1;91;14.1;985.5;0.0;0.0;SE;1010.5;12.7;14.1;0.9;2.7;6.6;6.6;683.7;0;0
164;29-08-2021 00:32;30;61;21.1;92;13.8;985.5;0.0;0.0;E;1010.5;12.5;13.8;0.3;2.4;6.6;6.6;683.7;0;0
165;29-08-2021 01:02;30;61;21.1;93;13.9;985.4;0.0;3.6;E;1010.4;12.8;13.9;0.3;2.7;6.9;6.9;684.0;0;1
166;29-08-2021 01:32;30;61;21.1;94;13.9;985.2;0.0;0.0;E;1010.2;13.0;13.9;0.3;2.7;6.9;6.9;684.0;0;0
167;29-08-2021 02:02;30;61;21.0;94;13.9;985.0;0.0;0.0;E;1010.0;13.0;13.9;0.0;2.7;6.9;6.9;684.0;0;0
168;29-08-2021 02:32;30;61;21.0;95;13.9;984.8;0.0;1.1;E;1009.8;13.1;13.9;0.0;2.7;6.9;6.9;684.0;0;1
169;29-08-2021 03:02;30;61;20.9;95;13.9;984.7;0.0;1.1;SE;1009.7;13.1;13.9;0.0;2.7;6.9;6.9;684.0;0;1
170;29-08-2021 03:32;30;61;20.9;96;13.9;984.6;0.0;2.5;E;1009.6;13.3;13.9;0.3;3.0;7.2;7.2;684.3;0;1
171;29-08-2021 04:02;30;61;20.8;96;13.9;984.7;1.1;3.6;SE;1009.7;13.3;13.9;0.3;3.0;7.2;7.2;684.3;1;1
172;29-08-2021 04:32;30;60;20.8;95;13.8;984.5;2.5;5.0;SE;1009.5;13.0;13.8;0.0;3.0;7.2;7.2;684.3;1;1
173;29-08-2021 05:02;30;60;20.7;95;13.9;984.6;0.0;2.5;SE;1009.6;13.1;13.9;0.0;3.0;7.2;7.2;684.3;0;1
174;29-08-2021 05:32;30;60;20.7;95;13.8;984.6;0.0;2.5;NEE;1009.6;13.0;13.8;0.3;3.3;7.5;7.5;684.6;0;1
175;29-08-2021 06:02;30;60;20.5;95;13.7;984.2;2.5;3.6;SE;1009.2;12.9;13.7;0.3;3.3;7.5;7.5;684.6;1;1
176;29-08-2021 06:32;30;60;20.5;95;13.6;984.1;3.6;6.1;SE;1009.1;12.8;13.6;0.0;3.3;7.5;7.5;684.6;1;2
177;29-08-2021 07:02;30;60;20.5;95;13.6;984.2;1.1;3.6;S;1009.2;12.8;13.6;0.3;3.6;7.8;7.8;684.9;1;1
178;29-08-2021 07:32;30;61;20.5;95;13.6;984.2;0.0;1.1;E;1009.2;12.8;13.6;0.3;3.6;7.8;7.8;684.9;0;1
179;29-08-2021 08:02;30;61;20.4;95;13.5;984.4;0.0;1.1;E;1009.4;12.7;13.5;0.0;3.6;7.8;7.8;684.9;0;1
180;29-08-2021 08:32;30;61;20.5;96;13.6;984.4;0.0;2.5;E;1009.4;13.0;13.6;0.0;3.3;7.8;7.8;684.9;0;1
181;29-08-2021 09:02;30;62;20.7;96;13.7;984.1;0.0;1.1;E;1009.1;13.1;13.7;0.3;3.3;8.1;8.1;685.2;0;1
182;29-08-2021 09:32;30;62;20.9;96;14.0;984.0;0.0;2.5;E;1009.0;13.4;14.0;0.3;3.3;8.1;8.1;685.2;0;1
183;29-08-2021 10:02;30;62;20.9;96;14.5;983.9;0.0;2.5;NE;1008.9;13.9;14.5;0.0;3.0;8.1;8.1;685.2;0;1
184;29-08-2021 10:32;30;62;20.9;96;15.1;983.8;0.0;1.1;NE;1008.8;14.5;15.1;0.0;3.0;8.1;8.1;685.2;0;1
185;29-08-2021 11:02;30;63;20.9;95;15.2;983.9;0.0;2.5;E;1008.9;14.4;15.2;0.0;3.0;8.1;8.1;685.2;0;1
186;29-08-2021 11:32;30;63;20.9;95;15.1;984.0;1.1;3.6;SE;1009.0;14.3;15.1;0.0;3.0;8.1;8.1;685.2;1;1
187;29-08-2021 12:02;30;62;20.8;95;15.1;984.0;0.0;2.5;E;1009.0;14.3;15.1;0.0;3.0;8.1;8.1;685.2;0;1
188;29-08-2021 12:32;30;62;20.9;95;15.2;984.0;0.0;1.1;SE;1009.0;14.4;15.2;0.0;3.0;8.1;8.1;685.2;0;1
189;29-08-2021 13:02;30;62;21.0;95;15.4;984.0;1.1;3.6;E;1009.0;14.6;15.4;0.6;3.6;8.7;8.7;685.8;1;1
190;29-08-2021 13:32;30;63;21.1;93;15.2;983.8;2.5;5.0;S;1008.8;14.1;15.2;0.6;3.6;8.7;8.7;685.8;1;1
191;29-08-2021 14:02;30;63;21.2;94;15.4;983.8;2.5;5.0;SE;1008.8;14.5;15.4;0.3;3.9;9.0;9.0;686.1;1;1
192;29-08-2021 14:32;30;63;21.3;95;15.8;983.7;1.1;5.0;SE;1008.7;15.0;15.8;0.6;4.2;9.3;9.3;686.4;1;1
193;29-08-2021 15:02;30;67;21.5;94;16.0;983.5;3.6;7.2;SE;1008.5;15.1;16.0;0.3;4.2;9.3;9.3;686.4;1;2
194;29-08-2021 15:32;30;65;21.5;94;15.8;983.5;0.0;2.5;E;1008.5;14.9;15.8;0.6;4.8;9.9;9.9;687.0;0;1
195;29-08-2021 16:02;30;66;21.5;95;16.8;983.3;0.0;2.5;E;1008.3;16.0;16.8;0.9;5.1;10.2;10.2;687.3;0;1
196;29-08-2021 16:32;30;65;21.6;86;20.4;983.1;2.5;6.1;N;1008.1;18.0;20.4;0.3;5.1;10.2;10.2;687.3;1;2
197;29-08-2021 17:02;30;64;21.6;87;18.0;983.3;0.0;1.1;NE;1008.3;15.8;18.0;0.0;5.1;10.2;10.2;687.3;0;1
198;29-08-2021 17:32;30;64;21.5;85;17.5;983.3;1.1;5.0;SE;1008.3;15.0;17.5;0.0;5.1;10.2;10.2;687.3;1;1
199;29-08-2021 18:02;30;64;21.4;85;16.9;983.3;0.0;2.5;W;1008.3;14.4;16.9;0.0;5.1;10.2;10.2;687.3;0;1
200;29-08-2021 18:32;30;64;21.4;84;16.7;983.1;2.5;5.0;S;1008.1;14.0;16.7;0.0;5.1;10.2;10.2;687.3;1;1
201;29-08-2021 19:02;30;64;21.3;83;17.0;983.1;0.0;0.0;SE;1008.1;14.1;17.0;0.0;5.1;10.2;10.2;687.3;0;0
202;29-08-2021 19:32;30;64;21.3;83;17.2;983.0;2.5;6.1;SE;1008.0;14.3;17.2;0.0;5.1;10.2;10.2;687.3;1;2
203;29-08-2021 20:02;30;64;21.3;83;16.7;983.2;2.5;5.0;SE;1008.2;13.8;16.7;0.0;5.1;10.2;10.2;687.3;1;1
204;29-08-2021 20:32;30;64;21.4;83;16.4;983.4;0.0;0.0;SE;1008.4;13.5;16.4;0.0;5.1;10.2;10.2;687.3;0;0
205;29-08-2021 21:02;30;64;21.4;86;15.9;983.6;0.0;2.5;SE;1008.6;13.6;15.9;0.0;5.1;10.2;10.2;687.3;0;1
206;29-08-2021 21:32;30;65;21.4;86;15.5;983.7;0.0;1.1;S;1008.7;13.2;15.5;0.0;5.1;10.2;10.2;687.3;0;1
207;29-08-2021 22:02;30;65;21.4;87;15.3;983.8;0.0;1.1;SE;1008.8;13.2;15.3;0.0;5.1;10.2;10.2;687.3;0;1
208;29-08-2021 22:32;30;65;21.4;88;15.2;983.8;0.0;1.1;SE;1008.8;13.2;15.2;0.0;5.1;10.2;10.2;687.3;0;1
209;29-08-2021 23:02;30;65;21.4;90;14.8;983.6;0.0;0.0;SE;1008.6;13.2;14.8;0.0;4.5;10.2;10.2;687.3;0;0
210;29-08-2021 23:32;30;65;21.4;91;14.5;983.5;0.0;1.1;NW;1008.5;13.1;14.5;0.0;3.9;10.2;10.2;687.3;0;1
211;30-08-2021 00:02;30;65;21.4;92;14.3;983.5;0.0;0.0;SE;1008.5;13.0;14.3;0.0;3.6;10.2;10.2;687.3;0;0
212;30-08-2021 00:32;30;65;21.4;93;14.3;983.5;0.0;0.0;W;1008.5;13.2;14.3;0.0;3.6;10.2;10.2;687.3;0;0
213;30-08-2021 01:02;30;65;21.3;94;14.0;983.5;0.0;0.0;W;1008.5;13.1;14.0;0.0;3.3;10.2;10.2;687.3;0;0
214;30-08-2021 01:32;30;64;21.2;94;13.9;983.6;0.0;1.1;W;1008.6;13.0;13.9;0.0;3.3;10.2;10.2;687.3;0;1
215;30-08-2021 02:02;30;64;21.2;95;14.0;983.7;0.0;0.0;NW;1008.7;13.2;14.0;0.0;3.3;10.2;10.2;687.3;0;0
216;30-08-2021 02:32;30;64;21.0;95;14.0;983.5;0.0;0.0;NW;1008.5;13.2;14.0;0.0;3.3;10.2;10.2;687.3;0;0
217;30-08-2021 03:02;30;64;20.9;95;14.0;983.3;0.0;0.0;SE;1008.3;13.2;14.0;0.0;3.3;10.2;10.2;687.3;0;0
218;30-08-2021 03:32;30;63;20.9;95;14.1;983.5;0.0;0.0;E;1008.5;13.3;14.1;0.0;3.0;10.2;10.2;687.3;0;0
219;30-08-2021 04:02;30;63;20.9;96;14.1;983.6;0.0;1.1;E;1008.6;13.5;14.1;0.0;3.0;10.2;10.2;687.3;0;1
220;30-08-2021 04:32;30;63;20.9;96;14.2;983.4;2.5;5.0;NEE;1008.4;13.6;14.2;0.0;3.0;10.2;10.2;687.3;1;1
221;30-08-2021 05:02;30;63;20.8;96;14.0;983.8;0.0;0.0;E;1008.8;13.4;14.0;0.0;3.0;10.2;10.2;687.3;0;0
222;30-08-2021 05:32;30;63;20.8;96;14.0;983.3;0.0;0.0;E;1008.3;13.4;14.0;0.0;2.7;10.2;10.2;687.3;0;0
223;30-08-2021 06:02;30;63;20.8;96;14.0;983.4;0.0;0.0;E;1008.4;13.4;14.0;0.0;2.7;10.2;10.2;687.3;0;0
224;30-08-2021 06:32;30;63;20.7;96;14.2;983.6;0.0;0.0;SE;1008.6;13.6;14.2;0.0;2.7;10.2;10.2;687.3;0;0
225;30-08-2021 07:02;30;63;20.7;96;14.8;983.6;1.1;2.5;SE;1008.6;14.2;14.8;0.0;2.4;10.2;10.2;687.3;1;1
226;30-08-2021 07:32;30;63;20.7;94;15.2;983.7;0.0;2.5;SE;1008.7;14.3;15.2;0.0;2.4;10.2;10.2;687.3;0;1
227;30-08-2021 08:02;30;63;20.7;91;15.5;984.0;0.0;0.0;SE;1009.0;14.1;15.5;0.0;2.4;10.2;10.2;687.3;0;0
228;30-08-2021 08:32;30;63;20.7;89;15.9;984.0;0.0;0.0;NE;1009.0;14.1;15.9;0.0;2.4;10.2;10.2;687.3;0;0
229;30-08-2021 09:02;30;63;20.6;88;16.3;984.0;1.1;3.6;SE;1009.0;14.3;16.3;0.0;2.1;10.2;10.2;687.3;1;1
230;30-08-2021 09:32;30;63;20.6;83;16.9;984.3;3.6;13.3;SE;1009.3;14.0;16.9;0.0;2.1;10.2;10.2;687.3;1;3
231;30-08-2021 10:02;30;63;20.6;81;17.5;984.2;0.0;1.1;S;1009.2;14.2;17.5;0.0;2.1;10.2;10.2;687.3;0;1
232;30-08-2021 10:32;30;63;20.7;78;18.0;984.5;0.0;3.6;SE;1009.5;14.1;18.0;0.0;2.1;10.2;10.2;687.3;0;1
233;30-08-2021 11:02;30;63;20.8;72;19.2;984.7;5.0;8.6;SE;1009.7;14.1;19.2;0.0;2.1;10.2;10.2;687.3;1;2
234;30-08-2021 11:32;30;63;20.8;76;17.8;984.9;5.0;9.7;SE;1009.9;13.5;17.8;0.0;2.1;10.2;10.2;687.3;1;2
235;30-08-2021 12:02;30;63;20.7;74;18.2;984.9;6.1;12.2;SE;1009.9;13.5;18.2;0.0;2.1;10.2;10.2;687.3;2;3
